____________________________________________________________________________________________________
K=10, Gamma Factor = 0.01
____________________________________________________________________________________________________
Statistics==0, ML==1 
 [0.0999391  0.10006425 0.10015007 0.09987117 0.10014398 0.10001929
 0.09989492 0.09996954 0.09998404 0.09996363]
Standard Deviation: 
 [0.0030392  0.00305301 0.00294924 0.00299113 0.00297394 0.00312647
 0.00308201 0.00307483 0.00295997 0.00094063]
Statistics==1, ML==0 
 [0.09966273 0.09915021 0.09984222 0.10011459 0.10036854 0.10064574
 0.1001041  0.1000965  0.10013671 0.09987868]
Standard Deviation: 
 [0.00299066 0.00293034 0.00298106 0.0029772  0.00298703 0.00302156
 0.00295866 0.00309833 0.00295004 0.00093389]
____________________________________________________________________________________________________
K=10, Gamma Factor = 3
____________________________________________________________________________________________________
Statistics==0, ML==1 
 [0.10008315 0.09996743 0.10007864 0.09999066 0.09982568 0.09991279
 0.10005206 0.10003553 0.10012435 0.09992971]
Standard Deviation: 
 [0.00293993 0.00298455 0.00291959 0.00288392 0.00288847 0.00301347
 0.00312493 0.00306193 0.00292796 0.00097085]
Statistics==1, ML==0 
 [0.02604731 0.00361641 0.03672251 0.05985084 0.23677368 0.33939428
 0.07970639 0.08156639 0.0896754  0.0466468 ]
Standard Deviation: 
 [0.02604731 0.00361641 0.03672251 0.05985084 0.23677368 0.33939428
 0.07970639 0.08156639 0.0896754  0.0466468 ]
____________________________________________________________________________________________________
K=30, Gamma Factor = 0.01
____________________________________________________________________________________________________
Statistics==0, ML==1 
 [0.03337538 0.03329688 0.03331886 0.0333671  0.03336066 0.03337005
 0.03333375 0.03333499 0.0333661  0.0332806  0.03330829 0.03340249
 0.03333682 0.033303   0.03334246 0.03336964 0.03326901 0.03334675
 0.03326382 0.03334116 0.03340876 0.03330565 0.03333569 0.03339085
 0.03331207 0.03330835 0.03332622 0.03330196 0.0333164  0.03330625]
Standard Deviation: 
 [0.00108097 0.00108072 0.00103087 0.00102996 0.00100957 0.00099424
 0.00105964 0.00100563 0.00099341 0.00099114 0.00103181 0.00106594
 0.00104568 0.00107398 0.00100254 0.00106417 0.00100406 0.00108889
 0.00098694 0.00105567 0.00100558 0.00100312 0.00106973 0.001068
 0.00105591 0.00105876 0.00101136 0.00102961 0.00103964 0.00019479]
Statistics==1, ML==0 
 [0.03317781 0.03302725 0.03325251 0.03335298 0.03341803 0.03340917
 0.03324107 0.03348171 0.03351891 0.03319748 0.03322729 0.03339572
 0.0335742  0.03326576 0.03325117 0.03334061 0.03331396 0.03333146
 0.03333193 0.03348856 0.03334108 0.03334254 0.03318073 0.03324364
 0.03351261 0.03322921 0.03345182 0.03351423 0.03324531 0.03334123]
Standard Deviation: 
 [0.00103552 0.00103804 0.00097181 0.00108185 0.00108907 0.00101814
 0.00102796 0.00102281 0.00105874 0.00101369 0.00100436 0.00101944
 0.00106085 0.00101979 0.00102199 0.00098872 0.00104533 0.00100512
 0.00097856 0.00102743 0.00103703 0.00105038 0.00102546 0.00103761
 0.00103578 0.00103626 0.00102462 0.00105136 0.00104274 0.00018468]
____________________________________________________________________________________________________
K=30, Gamma Factor = 3
____________________________________________________________________________________________________
Statistics==0, ML==1 
 [0.03325562 0.03337008 0.03329839 0.03332986 0.03339252 0.03334903
 0.0333869  0.03337285 0.03337886 0.03328121 0.03328805 0.03328045
 0.03331184 0.03332606 0.03337336 0.0333435  0.03340543 0.03337417
 0.03334177 0.03331123 0.03336958 0.03330358 0.0332937  0.03336685
 0.03331773 0.03334276 0.03331389 0.0332879  0.03332707 0.03330575]
Standard Deviation: 
 [0.00103242 0.00101683 0.00102636 0.00103299 0.00106356 0.00100608
 0.00107931 0.00105317 0.00104392 0.00101187 0.00105127 0.00104034
 0.00103524 0.00100225 0.00105919 0.00105229 0.00106266 0.00100557
 0.00104333 0.00102796 0.00103756 0.00105703 0.00098696 0.00105569
 0.00102964 0.00105047 0.00104008 0.00102697 0.00106497 0.00018853]
Statistics==1, ML==0 
 [0.00604718 0.00094484 0.01173803 0.02354892 0.04146055 0.05060889
 0.0101183  0.06239424 0.14564558 0.00455327 0.00934418 0.03102994
 0.11717439 0.00895454 0.00416601 0.01656499 0.01878306 0.01316027
 0.01301438 0.08375416 0.01214198 0.02989317 0.00594882 0.00898259
 0.07257804 0.01176981 0.0493295  0.1063537  0.00623438 0.02376227]
Standard Deviation: 
 [1.91201395e-04 3.01677795e-05 3.85634039e-04 7.66638755e-04
 1.30192120e-03 1.56920701e-03 3.22840514e-04 1.92929955e-03
 4.05232337e-03 1.43769324e-04 2.97900474e-04 9.57177062e-04
 3.29758345e-03 3.04075852e-04 1.33521353e-04 5.40323875e-04
 6.13258271e-04 4.61014526e-04 4.15879880e-04 2.59077314e-03
 4.11762058e-04 9.52516944e-04 2.01030633e-04 2.93766133e-04
 2.23582654e-03 3.91232006e-04 1.47060369e-03 3.09704108e-03
 2.02372440e-04 2.02287225e-04]
